MY_LINE # 2012 11141610     .07   24.67    .00     -.1      0.      0.      0.      0.      0.      1.      2.      1.      2.00FFFFFF   11.
MY_LINE # 2012 11141620     .40  475.06    .00    -1.3      1.      0.      0.      0.      0.     15.     44.     31.     52.00FFFFFF   11.
MY_LINE # 2012 11141640    1.25  939.52    .00    -2.6      2.      0.      0.      0.      0.     30.     94.     62.    108.00FFFFFF   11.
MY_LINE # 2012 11141650    3.43 2220.39    .00    -6.2      4.      0.      0.      0.      0.     75.    250.    149.    271.00FFFFFF   11.
MY_LINE # 2012 111417 0    7.77 3727.02    .00   -10.5      8.      0.      0.      0.      0.    129.    456.    254.    475.00FFFFFF   11.
MY_LINE # 2012 11141710   15.20 5221.11    .00   -14.7     11.      0.      0.      0.      0.    184.    676.    360.    686.00FFFFFF   11.
MY_LINE # 2012 11141720   26.78 6559.42    .00   -18.5     15.      0.      0.      0.      0.    235.    884.    456.    881.00FFFFFF   11.
MY_LINE # 2012 11141730   43.72 7679.86    .00   -21.6     18.      0.      0.      0.      0.    278.   1065.    536.   1047.00FFFFFF   11.
MY_LINE # 2012 11141740   67.40 8573.79    .00   -24.1     20.      0.      0.      0.      0.    312.   1213.    601.   1182.00FFFFFF   11.
MY_LINE # 2012 11141750   99.37 9261.75    .00   -26.1     22.      0.      0.      0.      0.    339.   1331.    651.   1288.00FFFFFF   11.
MY_LINE # 2012 111418 0  141.37 9776.57    .00   -27.5     23.      0.      0.      0.      0.    359.   1420.    688.   1368.00FFFFFF   11.
MY_LINE # 2012 11141810  195.3210153.31    .00   -28.5     24.      0.      0.      0.      0.    374.   1487.    716.   1427.00FFFFFF   11.
MY_LINE # 2012 11141820  263.3210424.00    .00   -29.3     25.      0.      0.      0.      0.    385.   1536.    736.   1470.00FFFFFF   11.
MY_LINE # 2012 11141830  347.5610615.55    .00   -29.8     26.      0.      0.      0.      0.    393.   1572.    750.   1500.00FFFFFF   11.
MY_LINE # 2012 11141840  450.3710749.36    .00   -30.2     26.      0.      0.      0.      0.    398.   1597.    760.   1522.00FFFFFF   11.
MY_LINE # 2012 11141850  574.0810841.81    .00   -30.5     26.      0.      0.      0.      0.    402.   1615.    767.   1537.00FFFFFF   11.
MY_LINE # 2012 111419 0  720.9910905.08    .00   -30.6     27.      0.      0.      0.      0.    404.   1628.    771.   1548.00FFFFFF   11.
MY_LINE # 2012 11141910  893.2710948.01    .00   -30.8     27.      0.      0.      0.      0.    406.   1636.    775.   1555.00FFFFFF   11.
MY_LINE # 2012 11141920 1092.8710976.93    .00   -30.8     27.      0.      0.      0.      0.    407.   1642.    777.   1560.00FFFFFF   11.
MY_LINE # 2012 11141930 1321.4010996.29    .00   -30.9     27.      0.      0.      0.      0.    408.   1647.    778.   1564.00FFFFFF   11.
MY_LINE # 2012 11141940 1580.0411009.17    .00   -30.9     27.      0.      0.      0.      0.    408.   1650.    779.   1566.00FFFFFF   11.
MY_LINE # 2012 11141950 1869.4311017.69    .00   -30.9     27.      0.      0.      0.      0.    408.   1652.    779.   1568.00FFFFFF   11.
MY_LINE # 2012 111420 0 2189.5511023.30    .00   -31.0     27.      0.      0.      0.      0.    408.   1653.    780.   1569.00FFFFFF   11.
MY_LINE # 2012 11142010 2539.7011026.98    .00   -31.0     27.      0.      0.      0.      0.    408.   1654.    780.   1570.00FFFFFF   11.
MY_LINE # 2012 11142020 2918.3811029.39    .00   -31.0     27.      0.      0.      0.      0.    408.   1655.    780.   1570.00FFFFFF   11.
MY_LINE # 2012 11142030 3323.2911030.95    .00   -31.0     27.      0.      0.      0.      0.    408.   1656.    780.   1571.00FFFFFF   11.
MY_LINE # 2012 11142040 3751.3611031.97    .00   -31.0     27.      0.      0.      0.      0.    408.   1656.    780.   1571.00FFFFFF   11.
MY_LINE # 2012 11142050 4198.7711032.62    .00   -31.0     27.      0.      0.      0.      0.    408.   1657.    780.   1571.00FFFFFF   11.
MY_LINE # 2012 111421 0 4661.0811033.05    .00   -31.0     27.      0.      0.      0.      0.    408.   1657.    780.   1571.00FFFFFF   11.
MY_LINE # 2012 11142120 5133.3211033.19    .00   -31.0     27.      0.      0.      0.      0.    408.   1657.    780.   1571.00FFFFFF   11.
MY_LINE # 2012 11142130 5610.1911032.35    .00   -31.0     27.      0.      0.      0.      0.    408.   1658.    780.   1572.00FFFFFF   11.
MY_LINE # 2012 11142140 6086.2211029.76    .00   -31.0     27.      0.      0.      0.      0.    408.   1658.    780.   1572.00FFFFFF   11.
MY_LINE # 2012 11142150 6555.9511026.03    .00   -31.0     27.      0.      0.      0.      0.    408.   1658.    780.   1572.00FFFFFF   11.
MY_LINE # 2012 111422 0 7014.1411021.95    .00   -31.0     27.      0.      0.      0.      0.    408.   1659.    780.   1572.00FFFFFF   11.
MY_LINE # 2012 11142210 7455.9611018.06    .00   -31.0     27.      0.      0.      0.      0.    408.   1659.    780.   1572.00FFFFFF   11.
MY_LINE # 2012 11142220 7877.1311014.67    .00   -31.0     27.      0.      0.      0.      0.    408.   1659.    779.   1572.00FFFFFF   11.
MY_LINE # 2012 11142230 8274.0211011.89    .00   -31.0     27.      0.      0.      0.      0.    408.   1659.    779.   1572.00FFFFFF   11.
MY_LINE # 2012 11142240 8643.7811009.70    .00   -31.0     27.      0.      0.      0.      0.    407.   1659.    779.   1572.00FFFFFF   11.
MY_LINE # 2012 11142250 8984.3511008.03    .00   -31.0     27.      0.      0.      0.      0.    407.   1659.    779.   1572.00FFFFFF   11.
MY_LINE # 2012 111423 0 9294.4511006.80    .00   -31.0     27.      0.      0.      0.      0.    407.   1659.    779.   1572.00FFFFFF   11.
MY_LINE # 2012 11142310 9573.6011005.90    .00   -31.0     27.      0.      0.      0.      0.    407.   1659.    779.   1572.00FFFFFF   11.
MY_LINE # 2012 11142320 9821.9911005.26    .00   -31.0     27.      0.      0.      0.      0.    407.   1659.    779.   1572.00FFFFFF   11.
MY_LINE # 2012 1114235010040.4411005.17    .00   -31.0     27.      0.      0.      0.      0.    407.   1659.    779.   1572.00FFFFFF   11.
MY_LINE # 2012 111424 010230.3011007.22    .00   -31.0     27.      0.      0.      0.      0.    407.   1659.    779.   1572.00FFFFFF   11.
MY_LINE # 2012 1114241010393.3011010.69    .00   -31.0     27.      0.      0.      0.      0.    407.   1659.    779.   1572.00FFFFFF   11.
MY_LINE # 2012 1114242010531.4911014.76    .00   -31.0     27.      0.      0.      0.      0.    407.   1659.    778.   1572.00FFFFFF   11.
MY_LINE # 2012 1114243010647.1111018.81    .00   -31.0     27.      0.      0.      0.      0.    407.   1659.    778.   1572.00FFFFFF   11.
MY_LINE # 2012 1114244010742.4811022.44    .00   -31.0     27.      0.      0.      0.      0.    407.   1659.    778.   1572.00FFFFFF   11.
MY_LINE # 2012 1114245010819.9711025.49    .00   -31.0     27.      0.      0.      0.      0.    406.   1659.    778.   1572.00FFFFFF   11.
MY_LINE # 2012 111425 010881.8711027.92    .00   -31.0     27.      0.      0.      0.      0.    406.   1659.    778.   1572.00FFFFFF   11.
MY_LINE # 2012 1114251010930.3911029.74    .00   -30.9     27.      0.      0.      0.      0.    406.   1659.    778.   1572.00FFFFFF   11.
MY_LINE # 2012 1114252010967.5611031.04    .00   -30.9     27.      0.      0.      0.      0.    406.   1659.    778.   1572.00FFFFFF   11.
MY_LINE # 2012 1114253010995.2711031.93    .00   -30.9     27.      0.      0.      0.      0.    406.   1659.    778.   1572.00FFFFFF   11.
MY_LINE # 2012 1114254011015.1911032.54    .00   -30.9     27.      0.      0.      0.      0.    406.   1659.    778.   1572.00FFFFFF   11.
